CAR 0.0 0 -10.0 -6015.271160586065 4412.185392379224 -2080.806004762985 9338.556815350279 4.6956 1.9022 1.551 21.4098 -26.2675 -6.4702 92.4797460311746 0
PEDESTRIAN 0.0 0 -10.0 -9686.710098701566 -8726.769483041307 -8081.384970520374 -7468.195476409493 0.7911 0.6991 1.7 46.9781 40.8544 -6.2141 -33.210470538760156 0
CAR 0.0 0 -10.0 -8273.573565425851 4826.192480226382 -3655.374157793814 9208.881520254823 4.0998 1.8998 1.5 31.36 -28.353 -6.555 89.49703991642448 0
CAR 0.0 0 -10.0 -5892.305355139195 5587.828024647134 -2185.583446107906 11374.099547465483 4.3995 2.037 1.5 21.6675 -33.5178 -6.4402 92.49719223715637 0
CAR 0.0 0 -10.0 -3003.076878528562 -7315.243356634808 -1080.6903107260168 -3625.51870835088 4.0996 1.899 1.5999 15.6826 31.5096 -7.4486 -100.69466507437971 0
CAR 0.0 0 -10.0 -3261.751320433292 -8776.23779437089 -1241.684829380743 -4456.707116146146 4.0996 1.899 1.5 16.8177 37.4964 -7.4503 -100.69466507437971 0
CAR 0.0 0 -10.0 -7607.838743783435 4685.613128514151 -3230.626828967132 9086.711828507798 4.0998 1.8998 1.5 28.0508 -26.9756 -6.4052 89.47974555525492 0
CAR 0.0 0 -10.0 -8749.554430376269 5999.425348919588 -3826.827965285157 11619.32659154994 4.0998 1.8998 1.5 31.9991 -35.4466 -6.4191 91.4964526413521 0
CAR 0.0 0 -10.0 -2199.4547758611425 -8194.231449961486 -660.1097465271682 -4202.413370924264 4.0996 1.899 1.553 12.7992 36.3323 -7.6325 -100.69466507437971 0
CAR 0.0 0 -10.0 10660.296266439836 -601.5661430879846 16329.663282489291 54.5194726384436 4.0979 1.8984 1.5024 -86.8301 5.8762 -9.4133 178.13374340674167 0
CAR 0.0 0 -10.0 -1968.497261572915 -6777.150001156154 -500.5270729421333 -3356.9296216423327 4.0995 1.8736 1.6483 11.5512 29.8461 -7.5421 -100.69466507437971 0
PEDESTRIAN 0.0 0 -10.0 -10780.621973490972 5472.142524497299 -9043.149446575433 6302.311096522423 0.7211 0.7548 1.7024 48.2232 -22.9143 -5.7738 127.1254525056317 0
TRUCK 0.0 0 -10.0 -29615.405766139735 -5416.382873295525 -6396.243788538787 -460.35481431038517 5.8323 2.9959 4.083 46.9062 7.9781 -4.9879 -172.36197574420447 0
PEDESTRIAN 0.0 0 -10.0 -2715.8892184977244 3981.974325764637 -1831.6881231890195 4736.879199993356 1.0616 0.7406 1.8354 16.1254 -18.3943 -6.551 -174.45261530462633 0
CAR 0.0 0 -10.0 -2832.364981658318 -11445.975587222081 -1026.109513026177 -6059.2493906402215 4.0996 1.899 1.4996 15.4625 49.7861 -7.6 -100.69466507437971 0
