0: 400, 249, RGB: [  0 255   0]
1: 529, 246, RGB: [ 0  0 87]
2: 681, 242, RGB: [ 0  0 92]
3: 844, 249, RGB: [  0 255   0]
4: 924, 297, RGB: [ 0  0 48]
5: 1006, 329, RGB: [ 0  0 38]
6: 1089, 364, RGB: [  0 255   0]
7: 984, 362, RGB: [ 0  0 32]
8: 860, 360, RGB: [ 0  0 33]
9: 748, 355, RGB: [ 0  0 34]
10: 636, 353, RGB: [ 0  0 34]
11: 519, 349, RGB: [ 0  0 36]
12: 405, 348, RGB: [ 0  0 37]
13: 288, 352, RGB: [ 0  0 36]
14: 150, 360, RGB: [  0 255   0]
15: 233, 328, RGB: [ 0  0 43]
16: 321, 287, RGB: [ 0  0 58]
